start=11.000000
volume=60.000000
fullscreen=yes
