start=27.819000
pause=yes
volume=85.000000
fullscreen=yes
aid=1
sid=1
