start=58.141000
volume=105.000000
fullscreen=yes
