start=13.547133
volume=55.000000
