start=228.728567
pause=yes
volume=50.000000
contrast=-1
aid=1
