start=25.859000
volume=50.000000
fullscreen=yes
