start=1.335000
volume=100.000000
fullscreen=yes
