start=205.896300
volume=95.000000
fullscreen=yes
contrast=-1
