start=34.868000
pause=yes
volume=100.000000
fullscreen=yes
sid=1
