start=11.637000
pause=yes
volume=85.500000
aid=1
sid=1
