start=13.514000
pause=yes
volume=60.000000
