start=2.720000
volume=69.750000
