start=805.037000
volume=87.750000
