start=3190.500000
volume=85.500000
fullscreen=yes
