start=486.861375
pause=yes
volume=85.000000
fullscreen=yes
sid=1
