start=58.976000
pause=yes
volume=80.000000
fullscreen=yes
aid=2
sid=2
