start=22.233333
volume=35.000000
fullscreen=yes
