start=19.500000
volume=40.000000
