start=7.173833
volume=35.000000
