start=12.200000
pause=yes
volume=115.000000
