start=2.002000
pause=yes
volume=80.000000
