start=6.548000
volume=115.000000
sid=no
