start=22.231000
volume=50.000000
fullscreen=yes
sid=1
