start=49.466000
pause=yes
volume=115.000000
fullscreen=yes
aid=1
sid=3
